ALX,ALY,ALZ,ARX,ARY,ARZ,EMG0L,EMG1L,EMG2L,EMG3L,EMG4L,EMG5L,EMG6L,EMG7L,EMG0R,EMG1R,EMG2R,EMG3R,EMG4R,EMG5R,EMG6R,EMG7R,GLX,GLY,GLZ,GRX,GRY,GRZ,ORL,OPL,OYL,ORR,OPR,OYR,LHNX,LHNY,LHNZ,RHNX,RHNY,RHNZ,HX,HY,HZ,LTX,LTY,LTZ,RTX,RTY,RTZ,SpineMidX,SpineMidY,SpineMidZ,SpineBaseX,SpineBaseY,SpineBaseZ,ShoulderLeftX,ShoulderLeftY,ShoulderLeftZ,ShoulderRightX,ShoulderRightY,ShoulderRightZ,ElbowLeftX,ElbowLeftY,ElbowLeftZ,ElbowRightX,ElbowRightY,ElbowRightZ,Myo_Pose_left,Myo_Pose_Right,Kinect_pose_left,Kinect_pose_right
0.9174805,-0.4038086,-0.05517578,0.9672852,0.4155273,0.15625,-3,-1,-3,-2,-1,0,-1,-7,2,-4,-7,-3,-3,-3,0,-3,-1.125,-1.125,-1.125,9.75,9.75,9.75,2.276449,3.170313,4.041598,6.91946,3.219794,3.565657,-0.0653433,-0.4835801,1.658801,0.3555156,-0.4813193,1.618038,0.1759631,0.3320966,1.73957,-0.01552706,-0.4747956,1.625345,0.4023781,-0.470153,1.617362,0.1614211,-0.1198153,1.745453,0.1544722,-0.4304937,1.725927,-0.01194826,0.06798605,1.761405,0.07017779,-0.4204234,1.69624,-0.0730066,-0.1981638,1.775215,0.3972215,-0.2030793,1.745654,NA,NA,NotTracked,NotTracked,
0.9628906,-0.4262695,-0.04199219,0.9492188,0.4472656,0.1933594,-1,-1,-2,1,-1,1,14,11,-3,-5,-3,-2,0,1,-2,5,2.6875,2.6875,2.6875,14.625,14.625,14.625,2.299794,3.182723,4.017765,6.875678,3.263747,3.632549,-0.06503166,-0.4831241,1.657659,0.3541015,-0.4758446,1.616506,0.1759477,0.3320868,1.739529,-0.01487353,-0.47461,1.624429,0.4019099,-0.4664924,1.618957,0.1614334,-0.1198271,1.74545,0.1544599,-0.4304853,1.7259,-0.01187303,0.06802528,1.761188,0.0701481,-0.420413,1.696184,-0.07308597,-0.1980957,1.775293,0.3974038,-0.2027137,1.745944,NA,NA,NotTracked,NotTracked,
0.9697266,-0.4472656,-0.03662109,0.9165039,0.5083008,0.2163086,-7,-3,-1,-1,1,-1,8,-4,16,13,2,-3,-2,4,3,-4,4.4375,4.4375,4.4375,11.9375,11.9375,11.9375,2.320986,3.193934,3.997534,6.833017,3.327922,3.699148,-0.06535878,-0.4814337,1.654448,0.3525818,-0.4699559,1.611721,0.1759196,0.3320844,1.739311,-0.01556519,-0.4662119,1.626467,0.3976236,-0.4748628,1.610462,0.1614285,-0.1198694,1.745369,0.1544319,-0.430477,1.725635,-0.01190782,0.0680076,1.761102,0.07008633,-0.4204068,1.695978,-0.07310637,-0.1980729,1.775305,0.3975736,-0.2025252,1.746418,NA,NA,NotTracked,NotTracked,
0.9365234,-0.5527344,0.009277344,0.9282227,0.5385742,0.2670898,0,-2,-1,0,1,4,8,8,15,-5,-7,-2,-1,-3,3,1,18.5625,18.5625,18.5625,5.4375,5.4375,5.4375,2.440955,3.263133,3.891107,6.784059,3.412874,3.765055,-0.0639237,-0.4757314,1.649413,0.3494414,-0.4632128,1.605241,0.1758896,0.3321907,1.73904,-0.0158825,-0.4595553,1.625966,0.3920968,-0.4586273,1.5955,0.1613531,-0.1198301,1.745227,0.1543189,-0.4303676,1.725331,-0.01194698,0.06804869,1.760928,0.06993619,-0.4202552,1.695573,-0.07337039,-0.1974625,1.775596,0.3981922,-0.2016675,1.747058,NA,NA,NotTracked,NotTracked,
0.9345703,-0.6083984,0.04443359,0.8774414,0.609375,0.3007813,2,-2,-1,-1,0,5,-4,6,20,-5,-1,3,-2,-2,2,1,18.25,18.25,18.25,12.25,12.25,12.25,2.536233,3.340848,3.807062,6.744823,3.521673,3.824847,-0.06270609,-0.4713537,1.64222,0.3466292,-0.4562308,1.597639,0.1759429,0.3321963,1.738923,-0.01263838,-0.4480224,1.6231,0.389762,-0.4554426,1.590382,0.1612933,-0.1198488,1.745154,0.1542188,-0.4302677,1.725113,-0.01196412,0.06812437,1.760767,0.06982425,-0.4201605,1.695448,-0.07380258,-0.1965421,1.776224,0.3991519,-0.199254,1.74891,NA,NA,NotTracked,NotTracked,
0.9262695,-0.6577148,0.1079102,0.8217773,0.7514648,0.3896484,-2,-2,2,-3,-14,-8,-2,3,-11,-2,-4,-2,-3,-2,-4,5,20.4375,20.4375,20.4375,11.625,11.625,11.625,2.636819,3.447798,3.71687,6.719166,3.662968,3.87502,-0.05741844,-0.4468322,1.621824,0.3371699,-0.4300134,1.576139,0.1759048,0.332184,1.738811,-0.01189193,-0.4489325,1.623777,0.3460859,-0.4244146,1.520405,0.1613237,-0.1197976,1.744992,0.1541574,-0.4300439,1.724489,-0.01197772,0.06813372,1.760748,0.06965136,-0.4199077,1.694791,-0.07510772,-0.1936468,1.77893,0.4012689,-0.1944953,1.752134,NA,NA,NotTracked,NotTracked,
0.8759766,-0.7431641,0.1376953,0.6928711,0.7900391,0.4165039,-3,-3,-1,-4,-22,-1,-3,-4,-3,-9,-5,0,-2,-4,-4,-6,6.0625,6.0625,6.0625,-9.125,-9.125,-9.125,2.714657,3.583837,3.635681,6.688402,3.825822,3.913358,-0.05885309,-0.4265914,1.604599,0.3338086,-0.4017824,1.563807,0.1757863,0.3322167,1.738648,-0.01543312,-0.4350184,1.62281,0.3364128,-0.395966,1.504375,0.1613447,-0.1196801,1.744782,0.1538803,-0.4298566,1.72402,-0.01193811,0.06820449,1.760725,0.06929307,-0.4196661,1.694366,-0.07535836,-0.1894341,1.780946,0.4022625,-0.1893131,1.754215,NA,NA,NotTracked,NotTracked,
0.7763672,-0.8232422,0.2124023,0.5292969,0.734375,0.3969727,-1,-2,0,1,11,9,-5,-7,2,-7,1,3,-3,4,8,-1,-7.5625,-7.5625,-7.5625,-20.625,-20.625,-20.625,2.764847,3.751245,3.561785,6.654915,4.000679,3.934731,-0.06158727,-0.4009684,1.584687,0.3098416,-0.3940195,1.568878,0.1757728,0.3322226,1.738658,-0.02616423,-0.4530016,1.589769,0.3434977,-0.3694836,1.496182,0.1609655,-0.1195123,1.744199,0.153557,-0.4297367,1.723774,-0.01195825,0.06824467,1.760846,0.06897843,-0.4195636,1.69422,-0.07582998,-0.1844897,1.783096,0.4020735,-0.1832248,1.757163,NA,NA,Unknown,NotTracked,
0.6513672,-0.8837891,0.1972656,0.5390625,0.7402344,0.4467773,-1,7,17,27,-9,-3,-2,8,-13,-11,-2,-3,3,0,2,3,-20.5,-20.5,-20.5,-2.5625,-2.5625,-2.5625,2.786388,3.936098,3.503536,6.63903,4.183409,3.946954,-0.03364571,-0.3919921,1.588175,0.3097596,-0.3711821,1.542569,0.1757704,0.3322584,1.738577,0.004916942,-0.4563898,1.60943,0.2743955,-0.4153971,1.588918,0.1606865,-0.1192561,1.743502,0.1533103,-0.4294806,1.723366,-0.01194833,0.06831603,1.7609,0.06872647,-0.4193466,1.693934,-0.076883,-0.1761422,1.785767,0.4022405,-0.1754556,1.759208,NA,NA,Unknown,Unknown,
0.5996094,-0.84375,0.2314453,0.3925781,0.8422852,0.4707031,-6,-7,-16,5,18,-5,3,-40,-3,-8,-8,-2,4,-4,-2,13,-16.75,-16.75,-16.75,2.0625,2.0625,2.0625,2.793242,4.036225,3.477539,6.640349,4.384224,3.952588,-0.03963365,-0.3515341,1.566961,0.3061452,-0.3328326,1.544029,0.1757268,0.3323012,1.738523,0.02092054,-0.3945273,1.61016,0.2729307,-0.3818109,1.592637,0.160783,-0.1190735,1.74336,0.1533047,-0.4291863,1.72307,-0.01193622,0.06844708,1.760966,0.06872535,-0.4191909,1.693762,-0.07766435,-0.1677561,1.786903,0.4034354,-0.1675116,1.758888,NA,NA,Unknown,Unknown,
0.5258789,-0.9326172,0.1826172,0.2871094,0.828125,0.4511719,-4,6,3,-28,-4,-12,1,18,-18,-9,-6,-12,-9,1,-2,6,-28.9375,-28.9375,-28.9375,-11.6875,-11.6875,-11.6875,2.785577,4.242493,3.437011,6.631916,4.587227,3.954108,-0.0524385,-0.2739405,1.499256,0.3038157,-0.2632096,1.503916,0.175733,0.332379,1.738531,-0.008810489,-0.2757553,1.486625,0.2572905,-0.2691621,1.474875,0.1608669,-0.1186777,1.743216,0.1533587,-0.4284965,1.722329,-0.01177171,0.06896332,1.761128,0.06880686,-0.4187096,1.693189,-0.07944714,-0.1549039,1.786642,0.4041029,-0.1554574,1.757125,NA,NA,Unknown,Unknown,
0.3574219,-1.092773,0.2211914,0.1743164,0.7387695,0.4833984,-1,8,16,14,6,25,28,15,-9,-6,5,11,27,4,-7,-35,-11.8125,-11.8125,-11.8125,-7.625,-7.625,-7.625,2.768605,4.578909,3.394556,6.620139,4.786207,3.951619,-0.05152925,-0.2324945,1.487928,0.3116149,-0.2188646,1.462346,0.1757436,0.3323884,1.738525,-0.002995219,-0.2470982,1.469355,0.2596738,-0.2236359,1.4785,0.1607941,-0.1184688,1.742818,0.1533576,-0.428349,1.722189,-0.01157581,0.06929834,1.761215,0.06880942,-0.4185894,1.693052,-0.08113079,-0.1480949,1.784048,0.4054247,-0.1500069,1.755379,NA,NA,Unknown,Unknown,
0.1875,-0.8691406,0.09814453,0.01855469,0.6474609,0.4257813,3,-26,8,-5,-11,-13,-22,-37,3,-1,-6,-15,7,20,10,31,3.125,3.125,3.125,-2.5,-2.5,-2.5,2.785638,4.804193,3.372869,6.615275,4.968502,3.941441,-0.04817778,-0.1946567,1.46974,0.3097232,-0.1865843,1.453663,0.1757323,0.3323608,1.738484,-0.003671552,-0.209092,1.46085,0.262866,-0.1849873,1.473447,0.1608443,-0.1183382,1.742845,0.1534162,-0.4281149,1.722103,-0.01150102,0.069651,1.761292,0.06885368,-0.4183477,1.692959,-0.1050824,-0.1397967,1.777088,0.4107318,-0.1480935,1.752728,NA,NA,Unknown,Unknown,
0.09326172,-0.9345703,0.07373047,-0.04931641,0.6791992,0.3896484,-11,-3,-6,-29,-7,12,5,-1,-33,-8,18,12,16,12,4,0,-16.5,-16.5,-16.5,-0.375,-0.375,-0.375,2.774374,4.998501,3.359413,6.615031,5.10507,3.935912,-0.04618219,-0.1569773,1.463053,0.3086152,-0.1549644,1.461854,0.1757418,0.3323852,1.738488,-0.008949156,-0.1446588,1.478231,0.2612034,-0.1538455,1.477357,0.1608665,-0.1182258,1.742894,0.153415,-0.4279177,1.722095,-0.01102831,0.07049484,1.760998,0.06883594,-0.4181296,1.692976,-0.1179952,-0.1329252,1.773762,0.419135,-0.1462226,1.744967,NA,NA,Unknown,Unknown,
0.04345703,-0.7436523,0.09277344,-0.007324219,0.7163086,0.4423828,-39,-30,-3,-14,2,16,-22,-4,9,-29,-15,2,-16,-12,-16,-39,13.875,13.875,13.875,-6.5,-6.5,-6.5,2.772994,5.157742,3.338249,6.615625,5.196303,3.931025,-0.0413318,-0.1250319,1.456569,0.3085091,-0.1251318,1.459027,0.1757455,0.3324794,1.738495,-0.005146966,-0.1251994,1.451125,0.2626458,-0.1326647,1.454667,0.1609499,-0.1181372,1.742914,0.1534428,-0.4277768,1.722029,-0.01081289,0.07074618,1.760747,0.06884164,-0.4179957,1.692959,-0.1166715,-0.1339008,1.769115,0.4249444,-0.1464923,1.727067,NA,NA,Unknown,Unknown,
0.07861328,-0.7275391,0.1782227,-0.03369141,0.6166992,0.4501953,-23,23,17,10,3,-1,21,-24,-8,5,3,9,27,22,-1,-11,-21.875,-21.875,-21.875,-9.3125,-9.3125,-9.3125,2.760469,5.245513,3.324146,6.604299,5.242402,3.928279,-0.03966213,-0.08968955,1.45805,0.3104288,-0.0996002,1.46122,0.1757617,0.3324892,1.738466,0.0009501516,-0.08778588,1.4634,0.2682129,-0.09460242,1.482,0.161101,-0.1179601,1.742937,0.1535,-0.4274934,1.721796,-0.0100893,0.07173935,1.759811,0.06887143,-0.4177139,1.692776,-0.1143195,-0.1352134,1.752818,0.4178767,-0.1559221,1.690987,NA,NA,Closed,Closed,
0.03613281,-0.7944336,0.1791992,-0.02734375,0.6816406,0.4604492,25,-2,-13,6,1,-8,5,34,34,3,6,20,51,21,13,31,-8.875,-8.875,-8.875,-1.6875,-1.6875,-1.6875,2.742209,5.288475,3.309782,6.602116,5.239407,3.924318,-0.03885785,-0.08264808,1.45981,0.309459,-0.09083889,1.452709,0.1757709,0.3325015,1.738461,0.00583777,-0.09097046,1.457842,0.2828029,-0.06971502,1.449833,0.1611897,-0.1178549,1.742992,0.1535185,-0.4274348,1.721775,-0.009645673,0.07236091,1.758994,0.06888799,-0.4176465,1.692723,-0.1132782,-0.1350252,1.749544,0.41653,-0.1576252,1.689385,NA,NA,Closed,Unknown,
0.02441406,-0.793457,0.190918,-0.05419922,0.6835938,0.4448242,-19,32,51,18,-15,-76,-5,-18,-28,-5,4,-11,-3,11,-14,-18,-8.875,-8.875,-8.875,-2.8125,-2.8125,-2.8125,2.734385,5.290461,3.293304,6.597119,5.19462,3.918293,-0.03634444,-0.08157063,1.459025,0.3125981,-0.09734625,1.460332,0.1758449,0.332535,1.738378,0.006760579,-0.08758705,1.4564,0.2731417,-0.09074344,1.50475,0.1613764,-0.1177426,1.742921,0.1535471,-0.4273275,1.721686,-0.009434445,0.07281448,1.758574,0.068908,-0.4175223,1.692617,-0.1120125,-0.1352419,1.744838,0.4161714,-0.1580362,1.688215,NA,NA,Closed,Unknown,
0.009765625,-0.8320313,0.1904297,-0.05664063,0.6743164,0.4707031,59,-1,5,13,-6,33,-30,18,10,33,12,-8,15,3,-2,6,-1,-1,-1,-0.5,-0.5,-0.5,2.734632,5.253842,3.281824,6.592986,5.112552,3.910115,-0.03481132,-0.08462831,1.459428,0.3120576,-0.1035427,1.456394,0.1759013,0.3325821,1.738226,0.004776188,-0.08251285,1.455625,0.2728135,-0.1066939,1.4804,0.1613815,-0.1177079,1.742852,0.153595,-0.427196,1.721455,-0.009291994,0.07314015,1.757739,0.06893661,-0.417365,1.69236,-0.128,-0.1842442,1.766703,0.4160422,-0.1577843,1.687629,NA,NA,Closed,Closed,
-0.008300781,-0.8183594,0.1591797,-0.03320313,0.7304688,0.4604492,-6,-17,-15,-17,-18,5,3,-24,8,12,4,1,-28,-16,-3,-12,8.1875,8.1875,8.1875,2.1875,2.1875,2.1875,2.744306,5.186879,3.272986,6.594839,4.995468,3.896979,-0.03173181,-0.1040089,1.465684,0.3148853,-0.1305925,1.457665,0.17608,0.3325793,1.737901,-0.009195689,-0.06745474,1.4664,0.2718635,-0.1326246,1.479385,0.1614762,-0.1176408,1.742796,0.1537252,-0.4270316,1.721293,-0.009344774,0.07322688,1.757513,0.06909293,-0.4171625,1.692019,-0.1316555,-0.182116,1.762166,0.4215015,-0.1471236,1.705925,NA,NA,Closed,Closed,
-0.02294922,-0.875,0.1542969,0.06884766,0.6972656,0.4682617,-22,-10,1,5,1,-16,6,-13,56,10,5,-4,-44,-6,-5,56,10.4375,10.4375,10.4375,11.1875,11.1875,11.1875,2.755414,5.100861,3.269358,6.606063,4.855349,3.884944,-0.03037456,-0.1184795,1.46783,0.3159522,-0.1503833,1.455855,0.176223,0.3325685,1.737152,0.00308063,-0.1029622,1.463077,0.2869008,-0.1699158,1.475545,0.16148,-0.1176029,1.742681,0.153763,-0.4269438,1.721237,-0.009271905,0.07337511,1.75696,0.0691371,-0.4170439,1.691891,-0.1102821,-0.1346696,1.757287,0.473133,-0.1383523,1.73408,NA,NA,Closed,Closed,
-0.05957031,-0.84375,0.1420898,0.1342773,0.7558594,0.4550781,-8,-5,-7,6,4,0,-2,9,-62,-8,-1,5,14,4,11,-18,8.375,8.375,8.375,4.9375,4.9375,4.9375,2.766504,4.991344,3.275569,6.616456,4.694791,3.87028,-0.0303044,-0.1380634,1.472103,0.3178113,-0.175023,1.458021,0.1765165,0.3324381,1.736308,-0.004506723,-0.1062199,1.469167,0.2779097,-0.1745181,1.487417,0.1614352,-0.1176044,1.742549,0.1537681,-0.4269167,1.721217,-0.009146433,0.07370913,1.756265,0.06913055,-0.4170044,1.691799,-0.140583,-0.162649,1.762467,0.471525,-0.1376837,1.734494,NA,NA,Closed,Closed,
-0.04296875,-0.8476563,0.1479492,0.2182617,0.7851563,0.4418945,8,0,9,-2,-5,-17,10,-12,-2,-11,-9,-1,-34,-17,-7,-4,3.9375,3.9375,3.9375,20.1875,20.1875,20.1875,2.76856,4.92312,3.281187,6.640722,4.525628,3.85079,-0.03063381,-0.1608011,1.474018,0.3212835,-0.2027344,1.460902,0.1766188,0.3324738,1.735704,0.0135786,-0.1723738,1.478889,0.279084,-0.2030081,1.492167,0.1614287,-0.1175789,1.742383,0.1537794,-0.4268886,1.721197,-0.009195059,0.07386234,1.755928,0.06914079,-0.4169602,1.691739,-0.132336,-0.1341977,1.77253,0.4533835,-0.1417761,1.733264,NA,NA,Closed,Closed,
0.06054688,-0.8334961,0.109375,0.3881836,0.8085938,0.40625,8,7,21,-6,13,45,26,22,-19,-16,-15,-16,-19,-11,-18,-8,13.3125,13.3125,13.3125,10.5625,10.5625,10.5625,2.77954,4.765831,3.299204,6.665928,4.346675,3.824841,-0.03248204,-0.1885975,1.48016,0.3256296,-0.2346355,1.467764,0.1766937,0.3324776,1.735128,0.00867119,-0.1959576,1.463769,0.2807023,-0.2361956,1.491072,0.1614332,-0.1175154,1.742318,0.1537707,-0.426794,1.721223,-0.009196782,0.07387447,1.755875,0.06912319,-0.4168637,1.691755,-0.1308735,-0.1334613,1.773189,0.4491677,-0.1446093,1.734205,NA,NA,Closed,Closed,
0.2446289,-0.9492188,0.1162109,0.4399414,0.8066406,0.4169922,5,11,-12,9,3,-19,17,-2,-9,-4,-6,-6,-4,-14,-7,-26,-6,-6,-6,22.625,22.625,22.625,2.766524,4.499893,3.333259,6.699793,4.169959,3.792964,-0.008686876,-0.2569229,1.530165,0.3325129,-0.2936893,1.476714,0.1766538,0.3323583,1.733749,-0.0003595613,-0.2632345,1.471133,0.2892643,-0.3070816,1.497786,0.1614903,-0.1175196,1.74211,0.1538057,-0.4267637,1.721205,-0.009255205,0.07378257,1.755799,0.06914126,-0.4168405,1.691775,-0.1124537,-0.1422583,1.768023,0.3991223,-0.156515,1.747538,NA,NA,Closed,Unknown,
0.3779297,-0.9101563,0.1049805,0.628418,0.7983398,0.3701172,-1,-3,-9,-1,0,8,-27,-1,3,15,8,-25,-8,-11,0,-14,2.5,2.5,2.5,7.0625,7.0625,7.0625,2.75188,4.306657,3.364081,6.735981,3.99605,3.756742,-0.01525147,-0.2923235,1.544231,0.3364159,-0.3261772,1.488907,0.1766306,0.3323369,1.733276,0.03090297,-0.2875138,1.532778,0.3511348,-0.3597856,1.5105,0.161533,-0.1175427,1.742064,0.1538534,-0.4267617,1.721192,-0.009375759,0.0736529,1.755827,0.06918105,-0.4168473,1.691768,-0.09288362,-0.1464835,1.775643,0.3987936,-0.1598022,1.747319,NA,NA,Closed,Unknown,
0.4775391,-0.9663086,0.1621094,0.8461914,0.8041992,0.3964844,2,-13,-20,5,3,34,-14,-17,-4,-17,-2,-4,2,-9,5,5,-24.4375,-24.4375,-24.4375,16.5625,16.5625,16.5625,2.713531,4.113945,3.402961,6.773405,3.84469,3.722649,-0.03946992,-0.3164872,1.517263,0.3344741,-0.3531461,1.524557,0.1766035,0.3322925,1.732798,-0.01874581,-0.2918068,1.486281,0.2904363,-0.3674285,1.597987,0.1615626,-0.1175823,1.741893,0.1539206,-0.426775,1.721115,-0.009462112,0.07348851,1.75573,0.06924044,-0.4168662,1.691728,-0.08739384,-0.1503408,1.775718,0.3987457,-0.1624551,1.746718,NA,NA,Closed,Unknown,
0.7871094,-0.921875,0.1630859,0.8408203,0.7905273,0.3598633,21,-1,-12,-13,-2,22,-1,-13,20,17,-4,-14,-5,1,12,17,-10.5625,-10.5625,-10.5625,13.0625,13.0625,13.0625,2.678076,3.923017,3.44949,6.811436,3.727118,3.694345,-0.01938245,-0.3638465,1.562294,0.3302141,-0.3917224,1.545146,0.1767007,0.3321431,1.732458,0.02403956,-0.3978587,1.610674,0.2932776,-0.4410053,1.595725,0.1615731,-0.1176219,1.741875,0.1539918,-0.4268188,1.721137,-0.009493723,0.07328144,1.755765,0.06929771,-0.4169359,1.691739,-0.08194825,-0.1557833,1.776146,0.3986149,-0.1676647,1.74543,NA,NA,Unknown,Unknown,
0.793457,-0.9272461,0.1625977,0.8540039,0.7236328,0.3110352,14,2,10,-8,-3,-6,16,23,33,14,3,12,9,8,8,3,-11.125,-11.125,-11.125,6.875,6.875,6.875,2.630914,3.756164,3.495053,6.835893,3.642293,3.67543,-0.01920674,-0.3908947,1.576516,0.3510418,-0.3935243,1.520504,0.1767114,0.3320929,1.732263,0.01722441,-0.4325755,1.607646,0.3067963,-0.4051274,1.551111,0.1617422,-0.1177367,1.741835,0.1542571,-0.4269447,1.721172,-0.009534906,0.07309082,1.755735,0.06951356,-0.417096,1.691752,-0.0793326,-0.1598986,1.775132,0.3988754,-0.1711623,1.744449,NA,NA,Unknown,Unknown,
0.8886719,-0.746582,0.07714844,0.8173828,0.6831055,0.2890625,-5,3,-10,-8,11,44,32,1,-6,6,-7,-18,4,1,-1,2,-6.9375,-6.9375,-6.9375,4.8125,4.8125,4.8125,2.591806,3.620634,3.546282,6.851595,3.589926,3.663468,-0.04989201,-0.3937521,1.553162,0.3535094,-0.404575,1.530354,0.176724,0.3319585,1.732153,-0.088452,-0.413079,1.54421,0.3112992,-0.4148183,1.563286,0.1617878,-0.1178767,1.741857,0.1543836,-0.427077,1.721265,-0.009595295,0.07270858,1.755697,0.06963727,-0.4172762,1.691832,-0.07607204,-0.1663425,1.772354,0.3987922,-0.1756078,1.743043,NA,NA,Closed,Unknown,
0.8496094,-0.7089844,0.01513672,0.7910156,0.6572266,0.2617188,11,-12,-17,-2,-7,-9,-8,-3,-32,-33,-6,6,-17,-4,-12,-26,7.5625,7.5625,7.5625,1.9375,1.9375,1.9375,2.553795,3.524715,3.593354,6.861325,3.563058,3.654967,-0.04774646,-0.4201659,1.587199,0.3555019,-0.4183444,1.545471,0.1767535,0.3318693,1.731973,-0.05417687,-0.3996369,1.526811,0.3110071,-0.4340108,1.567412,0.1618595,-0.1180949,1.741867,0.1544384,-0.4272659,1.721281,-0.00964651,0.07201836,1.755695,0.06966951,-0.4175177,1.691798,-0.07324841,-0.1735477,1.769943,0.398699,-0.1810235,1.74277,NA,NA,Unknown,NotTracked,
0.918457,-0.6870117,0.01953125,0.7783203,0.6337891,0.2524414,30,-10,-17,-7,-7,6,-1,15,29,22,14,9,-16,-9,12,42,-9.875,-9.875,-9.875,-0.625,-0.625,-0.625,2.51423,3.456068,3.635652,6.864673,3.551693,3.6507,-0.04807067,-0.4272097,1.595475,0.3555136,-0.4206939,1.549546,0.1767574,0.3318602,1.731962,-0.08179811,-0.4196594,1.549653,0.313639,-0.4323007,1.579944,0.1618347,-0.1181608,1.741869,0.1544557,-0.4273156,1.721304,-0.00954794,0.07165463,1.755575,0.06967057,-0.41756,1.691799,-0.07218339,-0.1763965,1.769464,0.398592,-0.1825582,1.742933,NA,NA,Unknown,NotTracked,
0.8798828,-0.6279297,0.004882813,0.7729492,0.5908203,0.2412109,9,1,-8,-10,-4,-13,-21,0,16,17,6,0,-13,3,-6,-15,-5.4375,-5.4375,-5.4375,4.5,4.5,4.5,2.49159,3.419326,3.654928,6.868167,3.547622,3.650054,-0.04594349,-0.4316234,1.601818,0.355134,-0.4217603,1.55137,0.1767587,0.331856,1.731911,-0.07150491,-0.4212631,1.545628,0.310412,-0.4344065,1.579833,0.1618689,-0.1181872,1.741869,0.1544877,-0.4273556,1.721324,-0.009617962,0.07121201,1.755455,0.06968236,-0.4175882,1.691798,-0.07152871,-0.1787978,1.768687,0.3984565,-0.1842033,1.742896,NA,NA,Unknown,NotTracked,
0.8852539,-0.6293945,0.01025391,0.7573242,0.5878906,0.2241211,0,9,23,15,8,20,39,14,-6,-2,-6,-13,21,-6,0,-7,-9.5,-9.5,-9.5,3.125,3.125,3.125,2.483985,3.409477,3.658045,6.872085,3.548943,3.651668,-0.04466422,-0.4172882,1.623435,0.3545237,-0.4227223,1.553122,0.176823,0.3318265,1.731889,-0.07865802,-0.4247053,1.556912,0.3101298,-0.4396511,1.576214,0.1620039,-0.1182735,1.741887,0.1545188,-0.4274082,1.721371,-0.009602468,0.0711383,1.755408,0.06969151,-0.4176179,1.691813,-0.07093401,-0.1805567,1.768553,0.3983719,-0.1850996,1.743137,NA,NA,Unknown,NotTracked,
0.8461914,-0.637207,0.01953125,0.7661133,0.5639648,0.2192383,-19,-6,7,-2,-6,-11,-18,-5,-16,-7,-1,-7,-10,2,3,-17,-13.125,-13.125,-13.125,4.3125,4.3125,4.3125,2.47464,3.403966,3.652991,6.876175,3.549505,3.653189,-0.04422567,-0.4178105,1.625255,0.3540174,-0.4228823,1.555715,0.1768519,0.3318307,1.731862,-0.08726048,-0.4322978,1.568794,0.3108531,-0.4347417,1.577321,0.1619605,-0.1183128,1.741997,0.1545499,-0.4274557,1.72147,-0.009674935,0.07084153,1.755411,0.0697048,-0.4176697,1.691901,-0.0706191,-0.182358,1.768666,0.3984017,-0.1860418,1.743667,NA,NA,NotTracked,NotTracked,
0.8320313,-0.5786133,0.005859375,0.7636719,0.5581055,0.199707,-8,5,15,8,6,24,8,-13,0,-5,3,1,-15,-1,1,17,-4.4375,-4.4375,-4.4375,3.375,3.375,3.375,2.477183,3.407984,3.644043,6.883811,3.550714,3.654306,-0.04423183,-0.4172078,1.625005,0.3531698,-0.4231032,1.555478,0.1768507,0.3318759,1.732035,-0.08250561,-0.4266919,1.559923,0.3097436,-0.4409212,1.574128,0.1619542,-0.1183365,1.742012,0.1545308,-0.4274996,1.721468,-0.009767659,0.07056394,1.755558,0.0696616,-0.4177192,1.69188,-0.07061672,-0.1827756,1.768783,0.3984456,-0.1865059,1.743979,NA,NA,NotTracked,NotTracked,
0.815918,-0.5581055,0.004394531,0.7714844,0.5493164,0.1943359,-18,0,18,7,-3,1,6,-10,1,-3,-6,-7,-20,-2,-3,-5,2.3125,2.3125,2.3125,11.25,11.25,11.25,2.488924,3.43329,3.627063,6.891781,3.548965,3.658052,-0.04477085,-0.415823,1.62397,0.3529393,-0.4229743,1.554543,0.1768365,0.331878,1.732069,-0.08224607,-0.4257864,1.55967,0.3114594,-0.4354856,1.581717,0.1619627,-0.1184092,1.742107,0.1545315,-0.4276152,1.721558,-0.009844367,0.07037269,1.755673,0.06965353,-0.4178348,1.691997,-0.07074936,-0.1833024,1.768801,0.3984895,-0.18717,1.744175,NA,NA,NotTracked,NotTracked,
0.8422852,-0.5786133,0.01269531,0.7880859,0.5629883,0.2104492,-4,-3,12,2,-1,0,-3,-6,-4,3,-1,0,2,-8,-9,-3,1.3125,1.3125,1.3125,14.875,14.875,14.875,2.491173,3.44283,3.62819,6.904849,3.547462,3.6621,-0.04618455,-0.4159795,1.622181,0.353895,-0.4234987,1.554739,0.1767356,0.3317876,1.732382,-0.07874729,-0.4220359,1.551102,0.3103137,-0.4386191,1.574645,0.1619651,-0.1185679,1.742333,0.154475,-0.4278066,1.721752,-0.01007103,0.06985752,1.755998,0.06953175,-0.4180542,1.692235,-0.07069747,-0.1836008,1.769076,0.3985262,-0.187576,1.744349,NA,NA,NotTracked,NotTracked,
0.8476563,-0.6118164,0.02539063,0.7949219,0.5932617,0.2167969,-1,1,-1,-2,0,-3,-1,-7,-21,-4,-4,-7,3,1,2,-5,-4,-4,-4,14.5625,14.5625,14.5625,2.492332,3.451803,3.624926,6.919423,3.548796,3.666796,-0.04700198,-0.4170446,1.620924,0.3543433,-0.4248658,1.555176,0.1766309,0.3316235,1.7326,-0.06383859,-0.4222275,1.543223,0.3108739,-0.448225,1.577,0.162007,-0.1186597,1.742516,0.1545383,-0.4278876,1.72185,-0.01010258,0.06970487,1.756142,0.06960433,-0.4181879,1.692373,-0.07070614,-0.1837452,1.769186,0.3985117,-0.1876539,1.744575,NA,NA,NotTracked,NotTracked,
0.8237305,-0.5957031,0.01855469,0.7568359,0.5917969,0.2001953,-4,1,6,7,0,-4,-3,-3,7,-1,-5,-1,-3,-1,-1,-11,0.375,0.375,0.375,3.4375,3.4375,3.4375,2.502486,3.47838,3.615127,6.925056,3.551662,3.670535,-0.04865799,-0.4196348,1.617117,0.3539315,-0.4255088,1.555663,0.1764482,0.3316147,1.732974,-0.08419608,-0.4275361,1.553463,0.3103403,-0.4420891,1.574366,0.1619692,-0.1186687,1.742425,0.1545799,-0.42794,1.721872,-0.01028527,0.06947526,1.756413,0.06963947,-0.4182857,1.692394,-0.07089154,-0.183835,1.769235,0.398571,-0.1877243,1.744624,NA,NA,NotTracked,NotTracked,
0.7954102,-0.6391602,-0.003417969,0.7348633,0.5898438,0.2124023,1,-2,-20,-4,-1,0,-16,-11,7,1,0,0,-5,0,-3,-16,8.6875,8.6875,8.6875,-7.4375,-7.4375,-7.4375,2.507753,3.499906,3.616579,6.921394,3.55072,3.670285,-0.05007761,-0.4224637,1.615464,0.3538709,-0.4278034,1.55554,0.1763389,0.331618,1.733272,-0.09446814,-0.4355749,1.564884,0.3090311,-0.4507889,1.573636,0.1619687,-0.1186777,1.742539,0.1545891,-0.4279435,1.721895,-0.01043668,0.06932767,1.756746,0.06964035,-0.4183027,1.692412,-0.0710078,-0.1839847,1.769278,0.3986767,-0.1879432,1.744696,NA,NA,NotTracked,NotTracked,
0.7871094,-0.6206055,-0.001953125,0.7197266,0.5649414,0.2026367,-4,3,49,19,0,-4,-5,-9,-3,-3,-1,-1,-6,1,1,12,20.1875,20.1875,20.1875,-18.3125,-18.3125,-18.3125,2.516469,3.5095,3.619245,6.907441,3.539311,3.666255,-0.05103535,-0.4255764,1.612389,0.3536783,-0.4303305,1.556916,0.1762788,0.3315629,1.733462,-0.0817427,-0.4327657,1.54917,0.3100089,-0.4502402,1.572754,0.1619084,-0.1187107,1.742662,0.1545624,-0.4280313,1.721942,-0.01044927,0.06923576,1.756889,0.06959933,-0.418382,1.692474,-0.07120781,-0.1845153,1.769348,0.3987837,-0.1882116,1.744619,NA,NA,NotTracked,NotTracked,
0.8041992,-0.4892578,0.01513672,0.7524414,0.5551758,0.190918,1,-1,-3,-3,-1,1,-3,-4,-6,-3,-1,-2,1,-2,-4,13,34.625,34.625,34.625,-29.75,-29.75,-29.75,2.551975,3.507572,3.637177,6.8875,3.515775,3.655656,-0.05172069,-0.4294435,1.612544,0.3551269,-0.4257383,1.575752,0.176122,0.3319205,1.733987,-0.099568,-0.4255898,1.605322,0.3111966,-0.4606407,1.573769,0.1620907,-0.1187909,1.742946,0.1546157,-0.4280907,1.722013,-0.01048993,0.06921353,1.757196,0.0696286,-0.4184382,1.69251,-0.0714441,-0.1844717,1.769552,0.3990887,-0.1886424,1.744627,NA,NA,Unknown,NotTracked,
0.8173828,-0.4794922,0.03857422,0.7607422,0.4956055,0.1796875,-2,-2,7,2,-2,-3,1,0,-1,0,2,1,-2,-1,2,-15,22,22,22,-46.4375,-46.4375,-46.4375,2.571694,3.489166,3.650153,6.857068,3.487022,3.636964,-0.05301495,-0.4330555,1.613926,0.3564271,-0.4330701,1.576116,0.1762219,0.3319088,1.734277,-0.0914548,-0.4469533,1.571019,0.3117888,-0.455525,1.587368,0.1621538,-0.1188834,1.743176,0.1547346,-0.4282123,1.722113,-0.01047092,0.06919694,1.757375,0.06972824,-0.4185451,1.692591,-0.07150999,-0.1844578,1.769609,0.3992164,-0.1891647,1.74453,NA,NA,Unknown,NotTracked,
0.8374023,-0.5180664,0.06298828,0.8354492,0.3808594,0.1884766,-2,0,-10,-3,0,-2,1,0,1,2,8,0,-1,0,0,0,1.375,1.375,1.375,-41.5625,-41.5625,-41.5625,2.569446,3.469324,3.663449,6.826789,3.440665,3.611161,-0.05242793,-0.435686,1.614831,0.357044,-0.4390487,1.577722,0.1762145,0.3319361,1.734358,-0.1008039,-0.4277752,1.61828,0.3093259,-0.4683039,1.575273,0.1621825,-0.1189187,1.743245,0.1547805,-0.4282924,1.722153,-0.01050725,0.06916444,1.757453,0.06976358,-0.4186455,1.692626,-0.07193137,-0.1844289,1.769639,0.3991978,-0.1900996,1.743979,NA,NA,Unknown,NotTracked,
0.8398438,-0.5336914,0.06054688,0.8691406,0.4111328,0.1953125,1,0,-3,-2,-2,1,-2,1,0,-1,-8,-2,-2,-3,3,-1,-0.75,-0.75,-0.75,-8.0625,-8.0625,-8.0625,2.563251,3.447993,3.672115,6.835057,3.393153,3.58045,-0.0535753,-0.4389882,1.616969,0.3583908,-0.4456713,1.579305,0.1762005,0.3319044,1.734524,-0.09318487,-0.449388,1.583491,0.3135826,-0.4704045,1.587786,0.1622129,-0.1189581,1.743268,0.1547987,-0.4284477,1.722206,-0.010503,0.06912474,1.757448,0.06977507,-0.4187715,1.692665,-0.07231997,-0.1845485,1.769578,0.3993249,-0.1909326,1.743378,NA,NA,Unknown,NotTracked,
0.8325195,-0.5161133,0.04443359,0.887207,0.4667969,0.1967773,-3,-2,1,1,0,-1,0,-1,-2,-3,-6,-3,2,1,-4,-1,0.6875,0.6875,0.6875,-5.3125,-5.3125,-5.3125,2.554848,3.423111,3.683717,6.859191,3.356488,3.547498,-0.05405593,-0.4412673,1.619844,0.3596393,-0.450597,1.583731,0.176175,0.3319289,1.734626,-0.09596838,-0.4545207,1.591182,0.3154137,-0.4786645,1.590231,0.1622647,-0.1189966,1.743361,0.1547897,-0.4285182,1.722272,-0.01063381,0.06907809,1.757632,0.06977187,-0.4188622,1.692757,-0.07291701,-0.1848278,1.769619,0.3992905,-0.1918566,1.742687,NA,NA,Unknown,NotTracked,
0.8276367,-0.5258789,0.03564453,0.8789063,0.4384766,0.175293,-5,0,-3,-1,-1,-2,-2,-6,3,-2,0,-2,0,-3,0,-4,0.3125,0.3125,0.3125,-10.1875,-10.1875,-10.1875,2.536948,3.39637,3.706402,6.871137,3.323145,3.520354,-0.0549913,-0.4478596,1.626465,0.3617677,-0.4609298,1.592375,0.176212,0.3319948,1.735028,-0.09956983,-0.4563231,1.607587,0.3202995,-0.4902092,1.596539,0.1622652,-0.1189827,1.743334,0.1548352,-0.4286099,1.722377,-0.01067423,0.06912851,1.757778,0.06982489,-0.4189405,1.692788,-0.07363036,-0.1853918,1.769677,0.398995,-0.193737,1.742034,NA,NA,NotTracked,NotTracked,
0.8554688,-0.5332031,0.02294922,0.8759766,0.4316406,0.1674805,1,-2,-5,-2,-2,-1,-1,1,3,1,-2,-3,-1,0,7,0,6.5625,6.5625,6.5625,-1.875,-1.875,-1.875,2.517377,3.369678,3.737283,6.887056,3.294022,3.497215,-0.05510974,-0.451656,1.629629,0.3615412,-0.4655164,1.596568,0.1762302,0.3320662,1.735239,-0.1032473,-0.4603505,1.617604,0.3149576,-0.4574364,1.614133,0.1622706,-0.119004,1.743366,0.15488,-0.4286645,1.722409,-0.01068211,0.06911753,1.757786,0.06986824,-0.4189933,1.692796,-0.07378139,-0.18558,1.769694,0.3989756,-0.1945026,1.741875,NA,NA,NotTracked,NotTracked,
0.8598633,-0.5048828,0.007324219,0.8803711,0.4370117,0.1635742,3,0,2,-2,-1,-2,-2,0,-3,1,2,2,1,0,1,-1,9.1875,9.1875,9.1875,0.1875,0.1875,0.1875,2.498061,3.342089,3.772032,6.906222,3.270026,3.475449,-0.05638444,-0.4569459,1.632699,0.36257,-0.4692686,1.600379,0.1762522,0.3320719,1.735476,-0.1034137,-0.4480821,1.624311,0.3143274,-0.4552207,1.616104,0.1622858,-0.1189985,1.743516,0.1548619,-0.4287146,1.722505,-0.01073309,0.06921504,1.758033,0.0698695,-0.4190241,1.692844,-0.07408272,-0.1859718,1.769921,0.398791,-0.1958312,1.741691,NA,NA,NotTracked,NotTracked,
0.8598633,-0.4960938,-0.002929688,0.8745117,0.4331055,0.1557617,-3,-2,0,1,1,0,0,1,2,0,-2,0,0,-1,3,1,7.4375,7.4375,7.4375,3.125,3.125,3.125,2.485606,3.328323,3.791596,6.923894,3.249494,3.45848,-0.05761364,-0.4597068,1.634675,0.3614854,-0.4724261,1.603585,0.1762171,0.332103,1.73552,-0.1092852,-0.467147,1.633566,0.3148132,-0.4614173,1.61252,0.1622883,-0.1190046,1.743508,0.1548612,-0.4287434,1.722496,-0.01075342,0.06921583,1.758037,0.06986725,-0.419045,1.692822,-0.07419398,-0.1860713,1.769976,0.3985567,-0.1967425,1.741425,NA,NA,NotTracked,NotTracked,
0.8964844,-0.4956055,-0.002441406,0.8813477,0.4550781,0.1518555,-6,-3,-1,-2,-1,0,-1,0,-2,-1,0,-1,-5,-1,12,1,4.75,4.75,4.75,2.6875,2.6875,2.6875,2.442074,3.290699,3.852201,6.941617,3.234962,3.44347,-0.05942255,-0.4641202,1.637473,0.3611827,-0.4763032,1.606955,0.1762276,0.3320872,1.735524,-0.1112449,-0.4791236,1.633842,0.3127761,-0.4662048,1.610591,0.1622645,-0.1190274,1.743505,0.154849,-0.4288052,1.722476,-0.01077781,0.0692056,1.758017,0.0698661,-0.4190942,1.692801,-0.07431069,-0.18628,1.769827,0.3983392,-0.1978303,1.741178,NA,NA,NotTracked,NotTracked,
0.9052734,-0.4746094,-0.008300781,0.8769531,0.425293,0.1450195,0,-2,-2,-1,-2,-1,1,2,0,2,3,-1,4,1,-1,-4,4.25,4.25,4.25,-1.75,-1.75,-1.75,2.416846,3.269982,3.887109,6.949668,3.225012,3.433134,-0.06229963,-0.4699041,1.643028,0.3615921,-0.4807548,1.611871,0.1761977,0.3321039,1.735588,-0.112921,-0.4599614,1.648206,0.3108829,-0.4633967,1.608812,0.1622439,-0.1190466,1.743551,0.1548049,-0.4289477,1.72256,-0.01093948,0.06913011,1.758032,0.06987112,-0.419211,1.692894,-0.0748658,-0.1883822,1.769946,0.3982797,-0.198564,1.741432,NA,NA,NotTracked,NotTracked,
0.9008789,-0.4663086,-0.01708984,0.8798828,0.4257813,0.144043,-1,-3,0,0,-1,-2,1,0,3,-1,6,1,5,-3,-9,-1,1.3125,1.3125,1.3125,1.125,1.125,1.125,2.393392,3.25341,3.916214,6.958272,3.21888,3.424649,-0.06308708,-0.4722299,1.646481,0.3628146,-0.4823802,1.614773,0.1761887,0.3321015,1.73559,-0.1149391,-0.4650964,1.65131,0.3132752,-0.4626351,1.610864,0.1621004,-0.1190835,1.743377,0.1547636,-0.4290315,1.722598,-0.01096439,0.06911995,1.758036,0.06985096,-0.4192768,1.692923,-0.0750453,-0.1886718,1.770113,0.3981466,-0.1989177,1.741639,NA,NA,NotTracked,NotTracked,
0.8950195,-0.4692383,-0.01416016,0.8857422,0.4257813,0.1450195,0,2,-1,-1,-2,0,0,2,-3,0,-2,-4,-3,2,-3,0,0.3125,0.3125,0.3125,0.375,0.375,0.375,2.374569,3.242238,3.938745,6.961722,3.216929,3.421136,-0.0648296,-0.4728619,1.648256,0.3629992,-0.4832978,1.615217,0.1761581,0.3321279,1.735686,-0.1127566,-0.4936288,1.629905,0.3127746,-0.4973245,1.6113,0.1620613,-0.1190723,1.74341,0.1546879,-0.4290355,1.722616,-0.01098675,0.06915779,1.758011,0.06980345,-0.419254,1.692903,-0.07529498,-0.1890985,1.770191,0.3981646,-0.1993919,1.741743,NA,NA,NotTracked,NotTracked,
0.9038086,-0.4624023,-0.01513672,0.8798828,0.421875,0.1362305,-4,-1,0,-1,-1,-2,0,0,-2,1,-2,0,-1,-3,-3,-1,0.125,0.125,0.125,-0.9375,-0.9375,-0.9375,2.363807,3.234807,3.952489,6.960967,3.217916,3.421357,-0.066149,-0.4758596,1.649494,0.363607,-0.485032,1.61527,0.1761436,0.3321591,1.735687,-0.11782,-0.4645009,1.65931,0.313517,-0.4662414,1.614028,0.1620502,-0.1190752,1.743401,0.1546316,-0.4290833,1.722627,-0.01110347,0.06908837,1.758022,0.06977134,-0.4192788,1.69291,-0.07579171,-0.1897415,1.770542,0.3981767,-0.1996359,1.741888,NA,NA,NotTracked,NotTracked,
0.9018555,-0.4599609,-0.01757813,0.8852539,0.4174805,0.1459961,0,0,-1,-2,-2,0,0,2,1,-1,-1,0,4,-2,-9,0,-0.125,-0.125,-0.125,0.0625,0.0625,0.0625,2.359887,3.232245,3.956826,6.957186,3.220995,3.42567,-0.06666864,-0.4761703,1.650328,0.3624739,-0.4845253,1.615779,0.1760845,0.3321415,1.735562,-0.1180376,-0.4677329,1.655908,0.3110263,-0.4686719,1.610747,0.1618685,-0.1190571,1.743183,0.1545961,-0.4291062,1.722652,-0.0111729,0.06908754,1.75803,0.06975143,-0.4192951,1.692931,-0.07600053,-0.1900503,1.770754,0.3981709,-0.199688,1.742049,NA,NA,NotTracked,NotTracked,
0.8920898,-0.4584961,-0.01416016,0.8706055,0.418457,0.1420898,0,-2,-3,-1,-2,-2,-2,-2,0,1,-1,-2,-1,1,-1,0,-1,-1,-1,1.5,1.5,1.5,2.359699,3.23113,3.957341,6.951986,3.226337,3.432837,-0.06770714,-0.4769596,1.650602,0.3624798,-0.4832441,1.614629,0.1760236,0.3321252,1.735348,-0.1169208,-0.4687479,1.652263,0.3347031,-0.4905521,1.633912,0.1617886,-0.1191141,1.743159,0.1545205,-0.4292189,1.722697,-0.01125744,0.06902228,1.75773,0.06971484,-0.4193799,1.692973,-0.07653294,-0.190708,1.771058,0.3979863,-0.2002568,1.742233,NA,NA,NotTracked,NotTracked,
0.8852539,-0.4570313,-0.005859375,0.878418,0.4125977,0.1425781,0,-3,-1,0,-3,-2,1,0,-2,-2,4,1,-1,1,-2,-1,-0.25,-0.25,-0.25,2,2,2,2.363287,3.232596,3.953968,6.945399,3.232054,3.442427,-0.06839053,-0.4768023,1.650925,0.3616712,-0.4832301,1.614503,0.1759188,0.3321649,1.735322,-0.1180532,-0.4673573,1.654971,0.3127787,-0.4659101,1.613309,0.1617717,-0.1191344,1.743175,0.1545031,-0.4292336,1.722728,-0.01134895,0.06904888,1.757709,0.06970024,-0.4193877,1.693001,-0.07666106,-0.1908492,1.771265,0.3979974,-0.2002779,1.74228,NA,NA,NotTracked,NotTracked,
0.8857422,-0.4521484,-0.002929688,0.8754883,0.4174805,0.1416016,-2,-3,-2,1,-2,-2,-3,-2,0,0,-1,-1,-9,2,2,-2,-0.0625,-0.0625,-0.0625,1.1875,1.1875,1.1875,2.366859,3.234062,3.950607,6.938983,3.238043,3.451736,-0.06799804,-0.4774935,1.65089,0.3616821,-0.4826533,1.613498,0.1757798,0.3322773,1.735147,-0.115842,-0.4973494,1.63997,0.3193361,-0.4724557,1.620142,0.1617394,-0.1191689,1.743201,0.1543406,-0.4293232,1.722895,-0.01138479,0.06904072,1.757696,0.06960098,-0.4194511,1.693145,-0.07678477,-0.1910321,1.771376,0.3979644,-0.200272,1.742398,NA,NA,NotTracked,NotTracked,
0.8974609,-0.4443359,-0.01318359,0.8764648,0.4038086,0.1445313,-4,-3,-1,-1,-2,-1,-3,-6,-2,-3,-2,-1,1,2,0,-1,2,2,2,-0.0625,-0.0625,-0.0625,2.381621,3.239811,3.939608,6.929253,3.244039,3.462788,-0.06840795,-0.4766427,1.649525,0.3609111,-0.4821305,1.611628,0.175605,0.3322632,1.734823,-0.1181983,-0.4621384,1.655875,0.3525656,-0.491177,1.65275,0.1616922,-0.1192111,1.743181,0.1542808,-0.4293851,1.722915,-0.01145324,0.06901011,1.757679,0.06955732,-0.4194962,1.693162,-0.07686476,-0.1911587,1.771403,0.3979401,-0.2003406,1.742372,NA,NA,NotTracked,NotTracked,
0.8945313,-0.4399414,-0.01269531,0.8730469,0.40625,0.137207,-1,0,-1,-1,-1,-3,-2,3,-2,0,1,2,2,1,2,-4,1.9375,1.9375,1.9375,3.25,3.25,3.25,2.393082,3.243418,3.929776,6.923021,3.24952,3.473308,-0.06774401,-0.4766317,1.648638,0.359424,-0.4818707,1.611037,0.1755167,0.332172,1.734558,-0.1173661,-0.4631681,1.655034,0.3115713,-0.4685433,1.611774,0.1615469,-0.1192956,1.743189,0.1542683,-0.4294371,1.722945,-0.01151887,0.06897424,1.757617,0.06954596,-0.4195393,1.693173,-0.07692271,-0.1912192,1.77147,0.3979501,-0.200371,1.74238,NA,NA,NotTracked,NotTracked,
0.8945313,-0.4360352,-0.02001953,0.8710938,0.4106445,0.1411133,-4,-2,-1,-1,0,1,0,-12,1,0,4,1,-1,-2,-1,-2,1.5,1.5,1.5,1.0625,1.0625,1.0625,2.398744,3.245371,3.924433,6.916421,3.254753,3.483336,-0.0666403,-0.4761514,1.646854,0.3577699,-0.4803307,1.608326,0.1753755,0.3322093,1.734429,-0.1159249,-0.4628544,1.65688,0.3113458,-0.4681579,1.611499,0.1614684,-0.1193784,1.743183,0.1541892,-0.4295667,1.723015,-0.01160946,0.06894118,1.757453,0.06947681,-0.4196424,1.693244,-0.07676604,-0.191819,1.771376,0.3979264,-0.2007039,1.74215,NA,NA,NotTracked,NotTracked,
0.9003906,-0.4370117,-0.003417969,0.8730469,0.4042969,0.1445313,-5,2,0,0,-2,-2,1,1,1,2,-3,0,0,-1,1,2,0.0625,0.0625,0.0625,1.375,1.375,1.375,2.418319,3.250624,3.90457,6.910749,3.258178,3.49139,-0.06512754,-0.4757154,1.646003,0.3574595,-0.4791791,1.607887,0.1752739,0.332189,1.734314,-0.1151027,-0.4687468,1.649285,0.3140108,-0.4692348,1.615156,0.1614561,-0.1193798,1.743186,0.1542098,-0.4295867,1.723087,-0.01167648,0.06895033,1.757446,0.06949633,-0.4196558,1.693285,-0.07673473,-0.1918976,1.771356,0.3978672,-0.2006523,1.742088,NA,NA,NotTracked,NotTracked,
0.8969727,-0.4462891,-0.01025391,0.8676758,0.4130859,0.1469727,5,1,0,-1,-2,2,1,23,0,-6,-2,0,-6,-1,0,-1,0.3125,0.3125,0.3125,0.8125,0.8125,0.8125,2.433738,3.254603,3.888705,6.907444,3.260734,3.497624,-0.06451187,-0.4751127,1.64523,0.3566981,-0.4783201,1.607721,0.1752651,0.3321848,1.734191,-0.1119998,-0.4927647,1.631229,0.338393,-0.476812,1.642357,0.1614662,-0.1194238,1.743196,0.1542366,-0.4296443,1.723131,-0.01172935,0.06897793,1.757439,0.06951346,-0.4197058,1.693307,-0.076657,-0.1919631,1.771336,0.3978546,-0.2006354,1.741979,NA,NA,NotTracked,NotTracked,
0.8959961,-0.4428711,-0.01953125,0.8725586,0.4067383,0.1416016,-2,0,-2,-1,0,-2,0,1,-2,-4,0,-3,0,-3,-2,-3,0.375,0.375,0.375,-1.9375,-1.9375,-1.9375,2.439103,3.255953,3.88309,6.904525,3.261469,3.500282,-0.06424896,-0.4748395,1.645943,0.357157,-0.477668,1.608217,0.1752271,0.3322144,1.73411,-0.1133185,-0.4695947,1.648241,0.3098668,-0.4617284,1.611662,0.1614704,-0.1194603,1.743287,0.1542551,-0.4297058,1.723276,-0.01178163,0.06895998,1.757515,0.0695276,-0.4197696,1.693462,-0.07655052,-0.1922094,1.771375,0.3978501,-0.2006484,1.741975,NA,NA,NotTracked,NotTracked,
0.887207,-0.449707,-0.02490234,0.8725586,0.4072266,0.1420898,-3,-3,0,0,1,-1,-2,1,-3,-5,-8,-1,-4,-3,-2,0,-0.6875,-0.6875,-0.6875,0.1875,0.1875,0.1875,2.447822,3.257503,3.872365,6.903616,3.261043,3.501885,-0.06384912,-0.4743329,1.644319,0.3564085,-0.4769931,1.606095,0.1752126,0.3321262,1.733819,-0.1142681,-0.4802994,1.645686,0.3156074,-0.4709792,1.616783,0.1614703,-0.1194899,1.743289,0.1542758,-0.4297599,1.72334,-0.01178906,0.06895465,1.757483,0.06955443,-0.4198212,1.693529,-0.07649989,-0.192277,1.771355,0.3977325,-0.2006568,1.741845,NA,NA,NotTracked,NotTracked,
0.8828125,-0.4511719,-0.03320313,0.8764648,0.4169922,0.1381836,5,1,-1,-2,-1,-3,-1,-7,0,-2,-1,0,0,-1,-4,1,-2.3125,-2.3125,-2.3125,-1.0625,-1.0625,-1.0625,2.444513,3.256678,3.873404,6.903934,3.260058,3.501402,-0.06303621,-0.4747241,1.645124,0.3557992,-0.4770499,1.606688,0.1752638,0.3321545,1.733758,-0.112415,-0.4728321,1.6535,0.3160171,-0.4680457,1.618222,0.1614609,-0.1195496,1.743321,0.1542728,-0.4299553,1.723647,-0.01179625,0.0689095,1.757414,0.06957965,-0.4199607,1.693708,-0.07602391,-0.193097,1.771451,0.3975005,-0.2008931,1.741672,NA,NA,NotTracked,NotTracked,
0.8959961,-0.4492188,-0.0234375,0.8730469,0.4208984,0.1567383,1,-1,0,0,-1,-3,-1,2,1,1,-6,0,1,-1,-5,-3,-1.6875,-1.6875,-1.6875,-1.75,-1.75,-1.75,2.442437,3.255386,3.874208,6.902803,3.258226,3.501177,-0.06249024,-0.4742977,1.644288,0.3557513,-0.4764621,1.605685,0.1752814,0.3321331,1.733639,-0.1122499,-0.4723988,1.652899,0.3148501,-0.4664801,1.616233,0.1614475,-0.1195913,1.743284,0.1542255,-0.4300227,1.723682,-0.01175857,0.06891964,1.757318,0.06955656,-0.4199971,1.693725,-0.075918,-0.1931987,1.771362,0.3974461,-0.2009249,1.741497,NA,NA,NotTracked,NotTracked,
0.8979492,-0.4453125,-0.02050781,0.8662109,0.4042969,0.1484375,0,1,-1,-3,2,0,-1,0,1,1,5,-2,-2,-3,1,1,-1.875,-1.875,-1.875,-2.6875,-2.6875,-2.6875,2.435167,3.252259,3.8782,6.900837,3.255063,3.500493,-0.06261297,-0.4745254,1.645657,0.3556086,-0.4773814,1.606817,0.1753253,0.3321155,1.733564,-0.1122054,-0.4681076,1.656,0.3126237,-0.4746448,1.613196,0.1613485,-0.1196089,1.743154,0.1541511,-0.4301288,1.723866,-0.01174958,0.06889113,1.757287,0.06951192,-0.4200929,1.693922,-0.07593322,-0.1932423,1.771419,0.3973421,-0.2010019,1.741399,NA,NA,NotTracked,NotTracked,
0.887207,-0.4438477,-0.01611328,0.8774414,0.4165039,0.1640625,-1,0,-3,0,-1,-1,1,-6,-3,-4,-5,0,3,-2,-4,-1,-3.3125,-3.3125,-3.3125,0.1875,0.1875,0.1875,2.430724,3.251237,3.879542,6.901803,3.251333,3.498698,-0.06308078,-0.4748369,1.646047,0.3557855,-0.4766295,1.60683,0.1753774,0.3322307,1.73343,-0.1124734,-0.4695164,1.656372,0.314331,-0.4653888,1.615908,0.1613505,-0.1196211,1.743161,0.1542124,-0.4301745,1.723931,-0.01175098,0.06889347,1.757267,0.06956315,-0.4201345,1.693948,-0.07586173,-0.1934158,1.771446,0.3973341,-0.2009991,1.741346,NA,NA,NotTracked,NotTracked,
0.8901367,-0.4580078,-0.006835938,0.8740234,0.4306641,0.15625,-1,-4,-1,1,-1,1,-1,-3,1,0,-5,0,0,0,-4,2,-3.4375,-3.4375,-3.4375,-1.6875,-1.6875,-1.6875,2.428277,3.251275,3.880042,6.904509,3.250114,3.495109,-0.06274252,-0.474278,1.646431,0.3559582,-0.4770328,1.607328,0.1755014,0.3322356,1.733094,-0.1117028,-0.4672011,1.64973,0.3075815,-0.462042,1.607789,0.161377,-0.119637,1.743139,0.154317,-0.43024,1.723984,-0.01173491,0.0688432,1.757159,0.06966292,-0.4202154,1.694025,-0.07583041,-0.1936012,1.771439,0.3972985,-0.2010012,1.741322,NA,NA,NotTracked,NotTracked,
0.8847656,-0.4575195,-0.009277344,0.8720703,0.4140625,0.1635742,-1,2,-1,-1,-2,-1,-2,-6,0,0,-5,-1,4,1,1,-1,1.375,1.375,1.375,-2.875,-2.875,-2.875,2.423091,3.251287,3.886666,6.901015,3.249399,3.495151,-0.06311279,-0.4740669,1.647005,0.3561122,-0.4764769,1.607828,0.1755942,0.3323212,1.732915,-0.1126224,-0.4700001,1.651947,0.3070685,-0.4586798,1.606875,0.1614003,-0.1196391,1.743132,0.1543592,-0.4302471,1.724006,-0.01170051,0.06888361,1.757076,0.06969582,-0.420222,1.694053,-0.07581531,-0.1936034,1.771447,0.3972912,-0.2010097,1.741328,NA,NA,NotTracked,NotTracked,
0.8896484,-0.4462891,-0.001953125,0.8608398,0.4155273,0.1572266,-2,-3,-2,0,0,-2,-1,-3,-1,-2,1,1,-3,1,-1,0,0.1875,0.1875,0.1875,2.1875,2.1875,2.1875,2.418197,3.250018,3.893809,6.903175,3.248539,3.495815,-0.06374781,-0.4751281,1.647045,0.3563889,-0.4760878,1.607985,0.1756633,0.3324686,1.732689,-0.1136886,-0.4737267,1.651626,0.3125265,-0.4653066,1.613048,0.16141,-0.1196557,1.743104,0.154423,-0.4302671,1.724012,-0.01167797,0.06884384,1.756918,0.06974901,-0.4202428,1.694066,-0.07573377,-0.1936236,1.771465,0.3972983,-0.2009839,1.741338,NA,NA,NotTracked,NotTracked,
